individual 0: ( 0, G(0, 0) )( 1, G(1, 0) )( 2, N26(137, 109) ) ( 3, N9(41, 4) ) ( 4, N23(103, 68) ) ( 5, N3(12, 64) ) ( 6, N2(128, 8) ) ( 7, N-1 ) ( 8, G(1, 1) )( 9, N8(127, 136) ) ( 10, N17(117, 149) ) ( 11, N13(68, 95) ) ( 12, N25(62, 107) ) ( 13, N16(69, 112) ) ( 14, N7(95, 142) ) ( 15, G(1, 2) )( 16, N4(55, 95) ) ( 17, N0(34, 0) ) ( 18, N5(131, 77) ) ( 19, N11(142, 32) ) ( 20, N20(122, 33) ) ( 21, N18(35, 44) ) ( 22, G(1, 3) )( 23, N19(53, 11) ) ( 24, N22(91, 61) ) ( 25, N10(52, 3) ) ( 26, N1(69, 24) ) ( 27, N-1 ) ( 28, N-1 ) ( 29, G(1, 4) )( 30, N15(21, 138) ) ( 31, N21(23, 64) ) ( 32, N14(147, 76) ) ( 33, N6(11, 141) ) ( 34, N24(47, 144) ) ( 35, N12(21, 66) ) 

individual 1: ( 0, G(0, 0) )( 1, G(1, 0) )( 2, N26(137, 109) ) ( 3, N25(62, 107) ) ( 4, N16(69, 112) ) ( 5, N7(95, 142) ) ( 6, N5(131, 77) ) ( 7, N20(122, 33) ) ( 8, G(1, 1) )( 9, N4(55, 95) ) ( 10, N22(91, 61) ) ( 11, N12(21, 66) ) ( 12, N6(11, 141) ) ( 13, N10(52, 3) ) ( 14, N11(142, 32) ) ( 15, G(1, 2) )( 16, N9(41, 4) ) ( 17, N23(103, 68) ) ( 18, N17(117, 149) ) ( 19, N1(69, 24) ) ( 20, N21(23, 64) ) ( 21, N-1 ) ( 22, G(1, 3) )( 23, N3(12, 64) ) ( 24, N0(34, 0) ) ( 25, N2(128, 8) ) ( 26, N18(35, 44) ) ( 27, N19(53, 11) ) ( 28, N-1 ) ( 29, G(1, 4) )( 30, N24(47, 144) ) ( 31, N13(68, 95) ) ( 32, N-1 ) ( 33, N15(21, 138) ) ( 34, N14(147, 76) ) ( 35, N8(127, 136) ) 

individual 2: ( 0, G(0, 0) )( 1, G(1, 0) )( 2, N2(128, 8) ) ( 3, N25(62, 107) ) ( 4, N15(21, 138) ) ( 5, N20(122, 33) ) ( 6, N14(147, 76) ) ( 7, N4(55, 95) ) ( 8, G(1, 1) )( 9, N19(53, 11) ) ( 10, N-1 ) ( 11, N10(52, 3) ) ( 12, N17(117, 149) ) ( 13, N5(131, 77) ) ( 14, N12(21, 66) ) ( 15, G(1, 2) )( 16, N9(41, 4) ) ( 17, N18(35, 44) ) ( 18, N16(69, 112) ) ( 19, N-1 ) ( 20, N21(23, 64) ) ( 21, N13(68, 95) ) ( 22, G(1, 3) )( 23, N6(11, 141) ) ( 24, N-1 ) ( 25, N22(91, 61) ) ( 26, N11(142, 32) ) ( 27, N7(95, 142) ) ( 28, N8(127, 136) ) ( 29, G(1, 4) )( 30, N3(12, 64) ) ( 31, N0(34, 0) ) ( 32, N23(103, 68) ) ( 33, N26(137, 109) ) ( 34, N1(69, 24) ) ( 35, N24(47, 144) ) 

individual 3: ( 0, G(0, 0) )( 1, G(1, 0) )( 2, N2(128, 8) ) ( 3, N19(53, 11) ) ( 4, N5(131, 77) ) ( 5, N18(35, 44) ) ( 6, N21(23, 64) ) ( 7, N1(69, 24) ) ( 8, G(1, 1) )( 9, N-1 ) ( 10, N11(142, 32) ) ( 11, N7(95, 142) ) ( 12, N6(11, 141) ) ( 13, N25(62, 107) ) ( 14, N0(34, 0) ) ( 15, G(1, 2) )( 16, N15(21, 138) ) ( 17, N20(122, 33) ) ( 18, N23(103, 68) ) ( 19, N8(127, 136) ) ( 20, N14(147, 76) ) ( 21, N22(91, 61) ) ( 22, G(1, 3) )( 23, N9(41, 4) ) ( 24, N17(117, 149) ) ( 25, N24(47, 144) ) ( 26, N-1 ) ( 27, N3(12, 64) ) ( 28, N12(21, 66) ) ( 29, G(1, 4) )( 30, N13(68, 95) ) ( 31, N-1 ) ( 32, N26(137, 109) ) ( 33, N4(55, 95) ) ( 34, N16(69, 112) ) ( 35, N10(52, 3) ) 

individual 4: ( 0, G(0, 0) )( 1, G(1, 0) )( 2, N3(12, 64) ) ( 3, N18(35, 44) ) ( 4, N7(95, 142) ) ( 5, N14(147, 76) ) ( 6, N22(91, 61) ) ( 7, N13(68, 95) ) ( 8, G(1, 1) )( 9, N1(69, 24) ) ( 10, N2(128, 8) ) ( 11, N8(127, 136) ) ( 12, N11(142, 32) ) ( 13, N19(53, 11) ) ( 14, N10(52, 3) ) ( 15, G(1, 2) )( 16, N25(62, 107) ) ( 17, N17(117, 149) ) ( 18, N5(131, 77) ) ( 19, N23(103, 68) ) ( 20, N20(122, 33) ) ( 21, N-1 ) ( 22, G(1, 3) )( 23, N24(47, 144) ) ( 24, N6(11, 141) ) ( 25, N9(41, 4) ) ( 26, N-1 ) ( 27, N0(34, 0) ) ( 28, N26(137, 109) ) ( 29, G(1, 4) )( 30, N4(55, 95) ) ( 31, N21(23, 64) ) ( 32, N16(69, 112) ) ( 33, N12(21, 66) ) ( 34, N-1 ) ( 35, N15(21, 138) ) 

individual 5: ( 0, G(0, 0) )( 1, G(1, 0) )( 2, N1(69, 24) ) ( 3, N19(53, 11) ) ( 4, N23(103, 68) ) ( 5, N9(41, 4) ) ( 6, N21(23, 64) ) ( 7, N16(69, 112) ) ( 8, G(1, 1) )( 9, N2(128, 8) ) ( 10, N3(12, 64) ) ( 11, N-1 ) ( 12, N0(34, 0) ) ( 13, N8(127, 136) ) ( 14, N17(117, 149) ) ( 15, G(1, 2) )( 16, N26(137, 109) ) ( 17, N18(35, 44) ) ( 18, N24(47, 144) ) ( 19, N7(95, 142) ) ( 20, N25(62, 107) ) ( 21, N5(131, 77) ) ( 22, G(1, 3) )( 23, N15(21, 138) ) ( 24, N6(11, 141) ) ( 25, N10(52, 3) ) ( 26, N-1 ) ( 27, N14(147, 76) ) ( 28, N-1 ) ( 29, G(1, 4) )( 30, N22(91, 61) ) ( 31, N4(55, 95) ) ( 32, N13(68, 95) ) ( 33, N12(21, 66) ) ( 34, N20(122, 33) ) ( 35, N11(142, 32) ) 

individual 6: ( 0, G(0, 0) )( 1, G(1, 0) )( 2, N17(117, 149) ) ( 3, N6(11, 141) ) ( 4, N1(69, 24) ) ( 5, N26(137, 109) ) ( 6, N4(55, 95) ) ( 7, N-1 ) ( 8, G(1, 1) )( 9, N12(21, 66) ) ( 10, N20(122, 33) ) ( 11, N13(68, 95) ) ( 12, N-1 ) ( 13, N0(34, 0) ) ( 14, N7(95, 142) ) ( 15, G(1, 2) )( 16, N24(47, 144) ) ( 17, N9(41, 4) ) ( 18, N19(53, 11) ) ( 19, N22(91, 61) ) ( 20, N10(52, 3) ) ( 21, N15(21, 138) ) ( 22, G(1, 3) )( 23, N25(62, 107) ) ( 24, N21(23, 64) ) ( 25, N5(131, 77) ) ( 26, N18(35, 44) ) ( 27, N11(142, 32) ) ( 28, N23(103, 68) ) ( 29, G(1, 4) )( 30, N8(127, 136) ) ( 31, N2(128, 8) ) ( 32, N16(69, 112) ) ( 33, N3(12, 64) ) ( 34, N14(147, 76) ) ( 35, N-1 ) 

individual 7: ( 0, G(0, 0) )( 1, G(1, 0) )( 2, N17(117, 149) ) ( 3, N12(21, 66) ) ( 4, N5(131, 77) ) ( 5, N16(69, 112) ) ( 6, N3(12, 64) ) ( 7, N-1 ) ( 8, G(1, 1) )( 9, N2(128, 8) ) ( 10, N22(91, 61) ) ( 11, N14(147, 76) ) ( 12, N-1 ) ( 13, N8(127, 136) ) ( 14, N23(103, 68) ) ( 15, G(1, 2) )( 16, N21(23, 64) ) ( 17, N11(142, 32) ) ( 18, N6(11, 141) ) ( 19, N1(69, 24) ) ( 20, N25(62, 107) ) ( 21, N9(41, 4) ) ( 22, G(1, 3) )( 23, N18(35, 44) ) ( 24, N7(95, 142) ) ( 25, N24(47, 144) ) ( 26, N15(21, 138) ) ( 27, N0(34, 0) ) ( 28, N20(122, 33) ) ( 29, G(1, 4) )( 30, N-1 ) ( 31, N19(53, 11) ) ( 32, N10(52, 3) ) ( 33, N13(68, 95) ) ( 34, N26(137, 109) ) ( 35, N4(55, 95) ) 

individual 8: ( 0, G(0, 0) )( 1, G(1, 0) )( 2, N22(91, 61) ) ( 3, N8(127, 136) ) ( 4, N24(47, 144) ) ( 5, N23(103, 68) ) ( 6, N11(142, 32) ) ( 7, N14(147, 76) ) ( 8, G(1, 1) )( 9, N10(52, 3) ) ( 10, N9(41, 4) ) ( 11, N0(34, 0) ) ( 12, N12(21, 66) ) ( 13, N21(23, 64) ) ( 14, N5(131, 77) ) ( 15, G(1, 2) )( 16, N7(95, 142) ) ( 17, N13(68, 95) ) ( 18, N4(55, 95) ) ( 19, N15(21, 138) ) ( 20, N25(62, 107) ) ( 21, N17(117, 149) ) ( 22, G(1, 3) )( 23, N3(12, 64) ) ( 24, N19(53, 11) ) ( 25, N6(11, 141) ) ( 26, N2(128, 8) ) ( 27, N26(137, 109) ) ( 28, N20(122, 33) ) ( 29, G(1, 4) )( 30, N-1 ) ( 31, N16(69, 112) ) ( 32, N-1 ) ( 33, N18(35, 44) ) ( 34, N1(69, 24) ) ( 35, N-1 ) 

individual 9: ( 0, G(0, 0) )( 1, G(1, 0) )( 2, N22(91, 61) ) ( 3, N0(34, 0) ) ( 4, N13(68, 95) ) ( 5, N2(128, 8) ) ( 6, N26(137, 109) ) ( 7, N1(69, 24) ) ( 8, G(1, 1) )( 9, N8(127, 136) ) ( 10, N17(117, 149) ) ( 11, N10(52, 3) ) ( 12, N24(47, 144) ) ( 13, N23(103, 68) ) ( 14, N-1 ) ( 15, G(1, 2) )( 16, N-1 ) ( 17, N11(142, 32) ) ( 18, N16(69, 112) ) ( 19, N5(131, 77) ) ( 20, N4(55, 95) ) ( 21, N7(95, 142) ) ( 22, G(1, 3) )( 23, N9(41, 4) ) ( 24, N-1 ) ( 25, N15(21, 138) ) ( 26, N6(11, 141) ) ( 27, N25(62, 107) ) ( 28, N3(12, 64) ) ( 29, G(1, 4) )( 30, N21(23, 64) ) ( 31, N12(21, 66) ) ( 32, N18(35, 44) ) ( 33, N20(122, 33) ) ( 34, N14(147, 76) ) ( 35, N19(53, 11) ) 

individual 10: ( 0, G(0, 0) )( 1, G(1, 0) )( 2, N22(91, 61) ) ( 3, N10(52, 3) ) ( 4, N1(69, 24) ) ( 5, N3(12, 64) ) ( 6, N18(35, 44) ) ( 7, N13(68, 95) ) ( 8, G(1, 1) )( 9, N-1 ) ( 10, N0(34, 0) ) ( 11, N20(122, 33) ) ( 12, N5(131, 77) ) ( 13, N26(137, 109) ) ( 14, N19(53, 11) ) ( 15, G(1, 2) )( 16, N23(103, 68) ) ( 17, N16(69, 112) ) ( 18, N15(21, 138) ) ( 19, N7(95, 142) ) ( 20, N14(147, 76) ) ( 21, N-1 ) ( 22, G(1, 3) )( 23, N8(127, 136) ) ( 24, N9(41, 4) ) ( 25, N17(117, 149) ) ( 26, N11(142, 32) ) ( 27, N6(11, 141) ) ( 28, N2(128, 8) ) ( 29, G(1, 4) )( 30, N4(55, 95) ) ( 31, N24(47, 144) ) ( 32, N25(62, 107) ) ( 33, N21(23, 64) ) ( 34, N12(21, 66) ) ( 35, N-1 ) 

individual 11: ( 0, G(0, 0) )( 1, G(1, 0) )( 2, N20(122, 33) ) ( 3, N5(131, 77) ) ( 4, N26(137, 109) ) ( 5, N16(69, 112) ) ( 6, N7(95, 142) ) ( 7, N25(62, 107) ) ( 8, G(1, 1) )( 9, N4(55, 95) ) ( 10, N22(91, 61) ) ( 11, N12(21, 66) ) ( 12, N6(11, 141) ) ( 13, N10(52, 3) ) ( 14, N11(142, 32) ) ( 15, G(1, 2) )( 16, N9(41, 4) ) ( 17, N23(103, 68) ) ( 18, N17(117, 149) ) ( 19, N1(69, 24) ) ( 20, N21(23, 64) ) ( 21, N-1 ) ( 22, G(1, 3) )( 23, N3(12, 64) ) ( 24, N0(34, 0) ) ( 25, N2(128, 8) ) ( 26, N18(35, 44) ) ( 27, N19(53, 11) ) ( 28, N-1 ) ( 29, G(1, 4) )( 30, N24(47, 144) ) ( 31, N13(68, 95) ) ( 32, N-1 ) ( 33, N15(21, 138) ) ( 34, N14(147, 76) ) ( 35, N8(127, 136) ) 

individual 12: ( 0, G(0, 0) )( 1, G(1, 0) )( 2, N7(95, 142) ) ( 3, N12(21, 66) ) ( 4, N25(62, 107) ) ( 5, N15(21, 138) ) ( 6, N0(34, 0) ) ( 7, N1(69, 24) ) ( 8, G(1, 1) )( 9, N20(122, 33) ) ( 10, N6(11, 141) ) ( 11, N5(131, 77) ) ( 12, N16(69, 112) ) ( 13, N8(127, 136) ) ( 14, N13(68, 95) ) ( 15, G(1, 2) )( 16, N9(41, 4) ) ( 17, N14(147, 76) ) ( 18, N17(117, 149) ) ( 19, N26(137, 109) ) ( 20, N3(12, 64) ) ( 21, N-1 ) ( 22, G(1, 3) )( 23, N11(142, 32) ) ( 24, N4(55, 95) ) ( 25, N23(103, 68) ) ( 26, N19(53, 11) ) ( 27, N24(47, 144) ) ( 28, N22(91, 61) ) ( 29, G(1, 4) )( 30, N21(23, 64) ) ( 31, N-1 ) ( 32, N-1 ) ( 33, N2(128, 8) ) ( 34, N10(52, 3) ) ( 35, N18(35, 44) ) 

individual 13: ( 0, G(0, 0) )( 1, G(1, 0) )( 2, N7(95, 142) ) ( 3, N6(11, 141) ) ( 4, N16(69, 112) ) ( 5, N11(142, 32) ) ( 6, N2(128, 8) ) ( 7, N-1 ) ( 8, G(1, 1) )( 9, N14(147, 76) ) ( 10, N12(21, 66) ) ( 11, N3(12, 64) ) ( 12, N26(137, 109) ) ( 13, N10(52, 3) ) ( 14, N8(127, 136) ) ( 15, G(1, 2) )( 16, N19(53, 11) ) ( 17, N21(23, 64) ) ( 18, N17(117, 149) ) ( 19, N9(41, 4) ) ( 20, N25(62, 107) ) ( 21, N13(68, 95) ) ( 22, G(1, 3) )( 23, N-1 ) ( 24, N24(47, 144) ) ( 25, N-1 ) ( 26, N20(122, 33) ) ( 27, N23(103, 68) ) ( 28, N18(35, 44) ) ( 29, G(1, 4) )( 30, N15(21, 138) ) ( 31, N4(55, 95) ) ( 32, N0(34, 0) ) ( 33, N5(131, 77) ) ( 34, N1(69, 24) ) ( 35, N22(91, 61) ) 

individual 14: ( 0, G(0, 0) )( 1, G(1, 0) )( 2, N3(12, 64) ) ( 3, N1(69, 24) ) ( 4, N19(53, 11) ) ( 5, N9(41, 4) ) ( 6, N17(117, 149) ) ( 7, N-1 ) ( 8, G(1, 1) )( 9, N21(23, 64) ) ( 10, N-1 ) ( 11, N22(91, 61) ) ( 12, N4(55, 95) ) ( 13, N16(69, 112) ) ( 14, N23(103, 68) ) ( 15, G(1, 2) )( 16, N0(34, 0) ) ( 17, N15(21, 138) ) ( 18, N2(128, 8) ) ( 19, N24(47, 144) ) ( 20, N11(142, 32) ) ( 21, N18(35, 44) ) ( 22, G(1, 3) )( 23, N12(21, 66) ) ( 24, N10(52, 3) ) ( 25, N20(122, 33) ) ( 26, N7(95, 142) ) ( 27, N6(11, 141) ) ( 28, N-1 ) ( 29, G(1, 4) )( 30, N25(62, 107) ) ( 31, N14(147, 76) ) ( 32, N13(68, 95) ) ( 33, N5(131, 77) ) ( 34, N8(127, 136) ) ( 35, N26(137, 109) ) 

individual 15: ( 0, G(0, 0) )( 1, G(1, 0) )( 2, N3(12, 64) ) ( 3, N6(11, 141) ) ( 4, N14(147, 76) ) ( 5, N13(68, 95) ) ( 6, N5(131, 77) ) ( 7, N-1 ) ( 8, G(1, 1) )( 9, N15(21, 138) ) ( 10, N8(127, 136) ) ( 11, N18(35, 44) ) ( 12, N20(122, 33) ) ( 13, N21(23, 64) ) ( 14, N26(137, 109) ) ( 15, G(1, 2) )( 16, N11(142, 32) ) ( 17, N1(69, 24) ) ( 18, N19(53, 11) ) ( 19, N7(95, 142) ) ( 20, N16(69, 112) ) ( 21, N0(34, 0) ) ( 22, G(1, 3) )( 23, N12(21, 66) ) ( 24, N9(41, 4) ) ( 25, N-1 ) ( 26, N4(55, 95) ) ( 27, N22(91, 61) ) ( 28, N-1 ) ( 29, G(1, 4) )( 30, N24(47, 144) ) ( 31, N10(52, 3) ) ( 32, N23(103, 68) ) ( 33, N17(117, 149) ) ( 34, N2(128, 8) ) ( 35, N25(62, 107) ) 

individual 16: ( 0, G(0, 0) )( 1, G(1, 0) )( 2, N14(147, 76) ) ( 3, N17(117, 149) ) ( 4, N18(35, 44) ) ( 5, N25(62, 107) ) ( 6, N16(69, 112) ) ( 7, N-1 ) ( 8, G(1, 1) )( 9, N5(131, 77) ) ( 10, N4(55, 95) ) ( 11, N13(68, 95) ) ( 12, N9(41, 4) ) ( 13, N8(127, 136) ) ( 14, N12(21, 66) ) ( 15, G(1, 2) )( 16, N26(137, 109) ) ( 17, N23(103, 68) ) ( 18, N22(91, 61) ) ( 19, N15(21, 138) ) ( 20, N19(53, 11) ) ( 21, N24(47, 144) ) ( 22, G(1, 3) )( 23, N6(11, 141) ) ( 24, N11(142, 32) ) ( 25, N3(12, 64) ) ( 26, N-1 ) ( 27, N1(69, 24) ) ( 28, N10(52, 3) ) ( 29, G(1, 4) )( 30, N0(34, 0) ) ( 31, N20(122, 33) ) ( 32, N7(95, 142) ) ( 33, N2(128, 8) ) ( 34, N21(23, 64) ) ( 35, N-1 ) 

individual 17: ( 0, G(0, 0) )( 1, G(1, 0) )( 2, N14(147, 76) ) ( 3, N17(117, 149) ) ( 4, N5(131, 77) ) ( 5, N24(47, 144) ) ( 6, N2(128, 8) ) ( 7, N-1 ) ( 8, G(1, 1) )( 9, N15(21, 138) ) ( 10, N19(53, 11) ) ( 11, N21(23, 64) ) ( 12, N22(91, 61) ) ( 13, N1(69, 24) ) ( 14, N6(11, 141) ) ( 15, G(1, 2) )( 16, N12(21, 66) ) ( 17, N7(95, 142) ) ( 18, N11(142, 32) ) ( 19, N18(35, 44) ) ( 20, N23(103, 68) ) ( 21, N8(127, 136) ) ( 22, G(1, 3) )( 23, N4(55, 95) ) ( 24, N25(62, 107) ) ( 25, N0(34, 0) ) ( 26, N10(52, 3) ) ( 27, N9(41, 4) ) ( 28, N16(69, 112) ) ( 29, G(1, 4) )( 30, N26(137, 109) ) ( 31, N-1 ) ( 32, N13(68, 95) ) ( 33, N3(12, 64) ) ( 34, N20(122, 33) ) ( 35, N-1 ) 

individual 18: ( 0, G(0, 0) )( 1, G(1, 0) )( 2, N3(12, 64) ) ( 3, N23(103, 68) ) ( 4, N7(95, 142) ) ( 5, N0(34, 0) ) ( 6, N5(131, 77) ) ( 7, N21(23, 64) ) ( 8, G(1, 1) )( 9, N2(128, 8) ) ( 10, N-1 ) ( 11, N6(11, 141) ) ( 12, N24(47, 144) ) ( 13, N20(122, 33) ) ( 14, N-1 ) ( 15, G(1, 2) )( 16, N18(35, 44) ) ( 17, N26(137, 109) ) ( 18, N8(127, 136) ) ( 19, N25(62, 107) ) ( 20, N22(91, 61) ) ( 21, N12(21, 66) ) ( 22, G(1, 3) )( 23, N14(147, 76) ) ( 24, N10(52, 3) ) ( 25, N16(69, 112) ) ( 26, N13(68, 95) ) ( 27, N1(69, 24) ) ( 28, N9(41, 4) ) ( 29, G(1, 4) )( 30, N17(117, 149) ) ( 31, N11(142, 32) ) ( 32, N-1 ) ( 33, N15(21, 138) ) ( 34, N19(53, 11) ) ( 35, N4(55, 95) ) 

individual 19: ( 0, G(0, 0) )( 1, G(1, 0) )( 2, N23(103, 68) ) ( 3, N3(12, 64) ) ( 4, N2(128, 8) ) ( 5, N26(137, 109) ) ( 6, N9(41, 4) ) ( 7, N-1 ) ( 8, G(1, 1) )( 9, N8(127, 136) ) ( 10, N17(117, 149) ) ( 11, N13(68, 95) ) ( 12, N25(62, 107) ) ( 13, N16(69, 112) ) ( 14, N7(95, 142) ) ( 15, G(1, 2) )( 16, N4(55, 95) ) ( 17, N0(34, 0) ) ( 18, N5(131, 77) ) ( 19, N11(142, 32) ) ( 20, N20(122, 33) ) ( 21, N18(35, 44) ) ( 22, G(1, 3) )( 23, N19(53, 11) ) ( 24, N22(91, 61) ) ( 25, N10(52, 3) ) ( 26, N1(69, 24) ) ( 27, N-1 ) ( 28, N-1 ) ( 29, G(1, 4) )( 30, N15(21, 138) ) ( 31, N21(23, 64) ) ( 32, N14(147, 76) ) ( 33, N6(11, 141) ) ( 34, N24(47, 144) ) ( 35, N12(21, 66) ) 

individual 20: ( 0, G(0, 0) )( 1, G(1, 0) )( 2, N2(128, 8) ) ( 3, N18(35, 44) ) ( 4, N1(69, 24) ) ( 5, N21(23, 64) ) ( 6, N5(131, 77) ) ( 7, N19(53, 11) ) ( 8, G(1, 1) )( 9, N-1 ) ( 10, N11(142, 32) ) ( 11, N7(95, 142) ) ( 12, N6(11, 141) ) ( 13, N25(62, 107) ) ( 14, N0(34, 0) ) ( 15, G(1, 2) )( 16, N15(21, 138) ) ( 17, N20(122, 33) ) ( 18, N23(103, 68) ) ( 19, N8(127, 136) ) ( 20, N14(147, 76) ) ( 21, N22(91, 61) ) ( 22, G(1, 3) )( 23, N9(41, 4) ) ( 24, N17(117, 149) ) ( 25, N24(47, 144) ) ( 26, N-1 ) ( 27, N3(12, 64) ) ( 28, N12(21, 66) ) ( 29, G(1, 4) )( 30, N13(68, 95) ) ( 31, N-1 ) ( 32, N26(137, 109) ) ( 33, N4(55, 95) ) ( 34, N16(69, 112) ) ( 35, N10(52, 3) ) 

individual 21: ( 0, G(0, 0) )( 1, G(1, 0) )( 2, N2(128, 8) ) ( 3, N0(34, 0) ) ( 4, N8(127, 136) ) ( 5, N14(147, 76) ) ( 6, N9(41, 4) ) ( 7, N10(52, 3) ) ( 8, G(1, 1) )( 9, N15(21, 138) ) ( 10, N18(35, 44) ) ( 11, N6(11, 141) ) ( 12, N17(117, 149) ) ( 13, N3(12, 64) ) ( 14, N-1 ) ( 15, G(1, 2) )( 16, N1(69, 24) ) ( 17, N11(142, 32) ) ( 18, N22(91, 61) ) ( 19, N23(103, 68) ) ( 20, N21(23, 64) ) ( 21, N20(122, 33) ) ( 22, G(1, 3) )( 23, N16(69, 112) ) ( 24, N7(95, 142) ) ( 25, N5(131, 77) ) ( 26, N19(53, 11) ) ( 27, N-1 ) ( 28, N25(62, 107) ) ( 29, G(1, 4) )( 30, N4(55, 95) ) ( 31, N26(137, 109) ) ( 32, N13(68, 95) ) ( 33, N24(47, 144) ) ( 34, N-1 ) ( 35, N12(21, 66) ) 

individual 22: ( 0, G(0, 0) )( 1, G(1, 0) )( 2, N0(34, 0) ) ( 3, N24(47, 144) ) ( 4, N2(128, 8) ) ( 5, N22(91, 61) ) ( 6, N3(12, 64) ) ( 7, N25(62, 107) ) ( 8, G(1, 1) )( 9, N15(21, 138) ) ( 10, N1(69, 24) ) ( 11, N19(53, 11) ) ( 12, N8(127, 136) ) ( 13, N-1 ) ( 14, N21(23, 64) ) ( 15, G(1, 2) )( 16, N6(11, 141) ) ( 17, N12(21, 66) ) ( 18, N20(122, 33) ) ( 19, N-1 ) ( 20, N17(117, 149) ) ( 21, N5(131, 77) ) ( 22, G(1, 3) )( 23, N-1 ) ( 24, N4(55, 95) ) ( 25, N9(41, 4) ) ( 26, N16(69, 112) ) ( 27, N23(103, 68) ) ( 28, N11(142, 32) ) ( 29, G(1, 4) )( 30, N13(68, 95) ) ( 31, N7(95, 142) ) ( 32, N10(52, 3) ) ( 33, N26(137, 109) ) ( 34, N18(35, 44) ) ( 35, N14(147, 76) ) 

individual 23: ( 0, G(0, 0) )( 1, G(1, 0) )( 2, N2(128, 8) ) ( 3, N0(34, 0) ) ( 4, N24(47, 144) ) ( 5, N7(95, 142) ) ( 6, N-1 ) ( 7, N-1 ) ( 8, G(1, 1) )( 9, N4(55, 95) ) ( 10, N16(69, 112) ) ( 11, N5(131, 77) ) ( 12, N11(142, 32) ) ( 13, N14(147, 76) ) ( 14, N9(41, 4) ) ( 15, G(1, 2) )( 16, N15(21, 138) ) ( 17, N10(52, 3) ) ( 18, N22(91, 61) ) ( 19, N18(35, 44) ) ( 20, N19(53, 11) ) ( 21, N6(11, 141) ) ( 22, G(1, 3) )( 23, N1(69, 24) ) ( 24, N26(137, 109) ) ( 25, N8(127, 136) ) ( 26, N3(12, 64) ) ( 27, N20(122, 33) ) ( 28, N25(62, 107) ) ( 29, G(1, 4) )( 30, N13(68, 95) ) ( 31, N17(117, 149) ) ( 32, N-1 ) ( 33, N21(23, 64) ) ( 34, N23(103, 68) ) ( 35, N12(21, 66) ) 

individual 24: ( 0, G(0, 0) )( 1, G(1, 0) )( 2, N3(12, 64) ) ( 3, N6(11, 141) ) ( 4, N14(147, 76) ) ( 5, N13(68, 95) ) ( 6, N5(131, 77) ) ( 7, N-1 ) ( 8, G(1, 1) )( 9, N15(21, 138) ) ( 10, N8(127, 136) ) ( 11, N18(35, 44) ) ( 12, N20(122, 33) ) ( 13, N21(23, 64) ) ( 14, N26(137, 109) ) ( 15, G(1, 2) )( 16, N11(142, 32) ) ( 17, N1(69, 24) ) ( 18, N19(53, 11) ) ( 19, N7(95, 142) ) ( 20, N16(69, 112) ) ( 21, N0(34, 0) ) ( 22, G(1, 3) )( 23, N12(21, 66) ) ( 24, N9(41, 4) ) ( 25, N-1 ) ( 26, N4(55, 95) ) ( 27, N22(91, 61) ) ( 28, N-1 ) ( 29, G(1, 4) )( 30, N24(47, 144) ) ( 31, N10(52, 3) ) ( 32, N23(103, 68) ) ( 33, N17(117, 149) ) ( 34, N2(128, 8) ) ( 35, N25(62, 107) ) 

individual 25: ( 0, G(0, 0) )( 1, G(1, 0) )( 2, N3(12, 64) ) ( 3, N1(69, 24) ) ( 4, N19(53, 11) ) ( 5, N9(41, 4) ) ( 6, N17(117, 149) ) ( 7, N-1 ) ( 8, G(1, 1) )( 9, N21(23, 64) ) ( 10, N-1 ) ( 11, N22(91, 61) ) ( 12, N4(55, 95) ) ( 13, N16(69, 112) ) ( 14, N23(103, 68) ) ( 15, G(1, 2) )( 16, N0(34, 0) ) ( 17, N15(21, 138) ) ( 18, N2(128, 8) ) ( 19, N24(47, 144) ) ( 20, N11(142, 32) ) ( 21, N18(35, 44) ) ( 22, G(1, 3) )( 23, N12(21, 66) ) ( 24, N10(52, 3) ) ( 25, N20(122, 33) ) ( 26, N7(95, 142) ) ( 27, N6(11, 141) ) ( 28, N-1 ) ( 29, G(1, 4) )( 30, N25(62, 107) ) ( 31, N14(147, 76) ) ( 32, N13(68, 95) ) ( 33, N5(131, 77) ) ( 34, N8(127, 136) ) ( 35, N26(137, 109) ) 

individual 26: ( 0, G(0, 0) )( 1, G(1, 0) )( 2, N2(128, 8) ) ( 3, N3(12, 64) ) ( 4, N9(41, 4) ) ( 5, N26(137, 109) ) ( 6, N23(103, 68) ) ( 7, N-1 ) ( 8, G(1, 1) )( 9, N8(127, 136) ) ( 10, N17(117, 149) ) ( 11, N13(68, 95) ) ( 12, N25(62, 107) ) ( 13, N16(69, 112) ) ( 14, N7(95, 142) ) ( 15, G(1, 2) )( 16, N5(131, 77) ) ( 17, N18(35, 44) ) ( 18, N11(142, 32) ) ( 19, N20(122, 33) ) ( 20, N4(55, 95) ) ( 21, N0(34, 0) ) ( 22, G(1, 3) )( 23, N19(53, 11) ) ( 24, N22(91, 61) ) ( 25, N10(52, 3) ) ( 26, N1(69, 24) ) ( 27, N-1 ) ( 28, N-1 ) ( 29, G(1, 4) )( 30, N15(21, 138) ) ( 31, N21(23, 64) ) ( 32, N14(147, 76) ) ( 33, N6(11, 141) ) ( 34, N24(47, 144) ) ( 35, N12(21, 66) ) 

individual 27: ( 0, G(0, 0) )( 1, G(1, 0) )( 2, N2(128, 8) ) ( 3, N8(127, 136) ) ( 4, N18(35, 44) ) ( 5, N0(34, 0) ) ( 6, N1(69, 24) ) ( 7, N24(47, 144) ) ( 8, G(1, 1) )( 9, N12(21, 66) ) ( 10, N21(23, 64) ) ( 11, N15(21, 138) ) ( 12, N3(12, 64) ) ( 13, N-1 ) ( 14, N16(69, 112) ) ( 15, G(1, 2) )( 16, N11(142, 32) ) ( 17, N14(147, 76) ) ( 18, N22(91, 61) ) ( 19, N10(52, 3) ) ( 20, N6(11, 141) ) ( 21, N19(53, 11) ) ( 22, G(1, 3) )( 23, N25(62, 107) ) ( 24, N-1 ) ( 25, N4(55, 95) ) ( 26, N-1 ) ( 27, N9(41, 4) ) ( 28, N13(68, 95) ) ( 29, G(1, 4) )( 30, N7(95, 142) ) ( 31, N26(137, 109) ) ( 32, N5(131, 77) ) ( 33, N23(103, 68) ) ( 34, N20(122, 33) ) ( 35, N17(117, 149) ) 

individual 28: ( 0, G(0, 0) )( 1, G(1, 0) )( 2, N2(128, 8) ) ( 3, N8(127, 136) ) ( 4, N0(34, 0) ) ( 5, N25(62, 107) ) ( 6, N21(23, 64) ) ( 7, N23(103, 68) ) ( 8, G(1, 1) )( 9, N4(55, 95) ) ( 10, N22(91, 61) ) ( 11, N3(12, 64) ) ( 12, N-1 ) ( 13, N10(52, 3) ) ( 14, N9(41, 4) ) ( 15, G(1, 2) )( 16, N14(147, 76) ) ( 17, N15(21, 138) ) ( 18, N-1 ) ( 19, N20(122, 33) ) ( 20, N11(142, 32) ) ( 21, N-1 ) ( 22, G(1, 3) )( 23, N13(68, 95) ) ( 24, N16(69, 112) ) ( 25, N1(69, 24) ) ( 26, N19(53, 11) ) ( 27, N12(21, 66) ) ( 28, N6(11, 141) ) ( 29, G(1, 4) )( 30, N24(47, 144) ) ( 31, N18(35, 44) ) ( 32, N7(95, 142) ) ( 33, N26(137, 109) ) ( 34, N5(131, 77) ) ( 35, N17(117, 149) ) 

individual 29: ( 0, G(0, 0) )( 1, G(1, 0) )( 2, N2(128, 8) ) ( 3, N8(127, 136) ) ( 4, N9(41, 4) ) ( 5, N19(53, 11) ) ( 6, N18(35, 44) ) ( 7, N5(131, 77) ) ( 8, G(1, 1) )( 9, N0(34, 0) ) ( 10, N25(62, 107) ) ( 11, N3(12, 64) ) ( 12, N13(68, 95) ) ( 13, N14(147, 76) ) ( 14, N1(69, 24) ) ( 15, G(1, 2) )( 16, N16(69, 112) ) ( 17, N20(122, 33) ) ( 18, N21(23, 64) ) ( 19, N-1 ) ( 20, N11(142, 32) ) ( 21, N12(21, 66) ) ( 22, G(1, 3) )( 23, N15(21, 138) ) ( 24, N7(95, 142) ) ( 25, N4(55, 95) ) ( 26, N24(47, 144) ) ( 27, N10(52, 3) ) ( 28, N-1 ) ( 29, G(1, 4) )( 30, N17(117, 149) ) ( 31, N23(103, 68) ) ( 32, N26(137, 109) ) ( 33, N22(91, 61) ) ( 34, N6(11, 141) ) ( 35, N-1 ) 


best fitness: 297.615, individual: 26
avg. fitness: 351.725
