groupKey (731, 760), recipents: {29, 30, 173, 318,  }
groupKey (731, 760), recipents: {906,  }
groupKey (875, 740), recipents: {7,  }
groupKey (875, 740), recipents: {150,  }
groupKey (875, 740), recipents: {294,  }
groupKey (875, 740), recipents: {295,  }
groupKey (483, 978), recipents: {36, 587, 734,  }
groupKey (483, 978), recipents: {874,  }
groupKey (972, 33), recipents: {501, 529, 565, 621, 622,  }
groupKey (972, 33), recipents: {869,  }
groupKey (972, 33), recipents: {886,  }
groupKey (972, 33), recipents: {887,  }
groupKey (909, 903), recipents: {207, 498, 754,  }
groupKey (909, 903), recipents: {890,  }
groupKey (909, 903), recipents: {925,  }
groupKey (725, 243), recipents: {8,  }
groupKey (725, 243), recipents: {151,  }
groupKey (725, 243), recipents: {152,  }
groupKey (725, 243), recipents: {296,  }
groupKey (819, 973), recipents: {512,  }
groupKey (819, 973), recipents: {752,  }
groupKey (819, 973), recipents: {884,  }
groupKey (819, 973), recipents: {923,  }
groupKey (427, 956), recipents: {0, 1, 2, 3, 4, 5, 6, 7, 8, 9, 10, 11, 12, 13, 14, 15, 16, 17, 18, 24, 144, 145, 146, 147, 148, 149, 150, 151, 152, 153, 154, 155, 156, 157, 158, 159, 160, 161, 162, 288, 289, 290, 291, 292, 293, 294, 295, 296, 297, 298, 299, 300, 301, 302, 303, 304, 305, 306, 307, 437, 452, 456, 462, 470, 496, 501, 504, 505, 515, 516, 518, 519, 520, 529, 547, 552, 561, 565, 566, 568, 577, 580, 583, 588, 592, 611, 612, 616, 621, 622, 623, 635, 640, 642, 643, 651, 655, 656, 673, 687, 692, 704, 709, 710, 722, 742, 746, 750, 756, 757, 778, 780, 783, 786, 793, 802, 812, 815, 817, 821, 827, 828, 830, 840, 842, 846, 848, 854, 858, 861, 868, 869, 886, 887, 896, 909, 922, 926, 932,  }
groupKey (427, 956), recipents: {19, 20, 21, 22, 23, 25, 26, 28, 29, 30, 32, 33, 34, 35, 36, 37, 163, 164, 165, 166, 167, 168, 169, 170, 173, 174, 175, 176, 177, 178, 179, 180, 181, 182, 308, 309, 310, 313, 315, 316, 317, 318, 319, 320, 322, 323, 324, 325, 326, 327, 455, 457, 480, 481, 494, 508, 536, 542, 544, 549, 553, 554, 556, 585, 587, 595, 620, 639, 645, 663, 678, 716, 721, 726, 727, 728, 729, 734, 743, 748, 769, 779, 784, 789, 790, 796, 805, 806, 814, 826, 829, 834, 836, 839, 865, 867, 871, 874, 876, 877, 879, 881, 889, 893, 894, 903, 904, 906, 916,  }
groupKey (1021, 106), recipents: {0, 1, 2, 3, 4, 5, 6, 7, 8, 9, 10, 11, 12, 13, 14, 15, 16, 17, 18, 19, 20, 21, 22, 23, 24, 25, 26, 28, 29, 30, 32, 33, 34, 35, 36, 37, 42, 45, 46, 48, 49, 51, 55, 57, 58, 60, 61, 62, 72, 144, 145, 146, 147, 148, 149, 150, 151, 152, 153, 154, 155, 156, 157, 158, 159, 160, 161, 162, 163, 164, 165, 166, 167, 168, 169, 170, 173, 174, 175, 176, 177, 178, 179, 180, 181, 182, 183, 184, 185, 186, 188, 189, 190, 191, 192, 193, 195, 199, 200, 201, 202, 204, 205, 206, 288, 289, 290, 291, 292, 293, 294, 295, 296, 297, 298, 299, 300, 301, 302, 303, 304, 305, 306, 307, 308, 309, 310, 313, 315, 316, 317, 318, 319, 320, 322, 323, 324, 325, 326, 327, 329, 330, 332, 333, 334, 335, 336, 337, 339, 340, 344, 345, 346, 347, 348, 349, 350, 351, 360, 434, 435, 437, 442, 446, 447, 452, 455, 456, 457, 460, 462, 470, 474, 480, 481, 494, 496, 499, 500, 501, 504, 505, 508, 513, 515, 516, 518, 519, 520, 524, 526, 529, 536, 538, 540, 542, 544, 545, 547, 549, 552, 553, 554, 556, 561, 565, 566, 568, 577, 580, 583, 585, 587, 588, 590, 592, 595, 601, 603, 611, 612, 616, 619, 620, 621, 622, 623, 627, 635, 638, 639, 640, 642, 643, 645, 651, 655, 656, 660, 663, 668, 673, 678, 680, 687, 690, 691, 692, 696, 700, 701, 704, 706, 707, 709, 710, 711, 715, 716, 720, 721, 722, 726, 727, 728, 729, 730, 732, 734, 740, 742, 743, 746, 748, 750, 751, 756, 757, 767, 769, 773, 778, 779, 780, 782, 783, 784, 786, 787, 789, 790, 793, 795, 796, 799, 800, 802, 805, 806, 811, 812, 814, 815, 816, 817, 821, 826, 827, 828, 829, 830, 834, 836, 839, 840, 842, 846, 848, 854, 858, 861, 865, 867, 868, 869, 870, 871, 874, 876, 877, 879, 881, 886, 887, 888, 889, 893, 894, 896, 903, 904, 906, 909, 915, 916, 922, 926, 929, 932,  }
groupKey (1021, 106), recipents: {68, 69, 70, 73, 81, 82, 83, 84, 85, 86, 94, 95, 96, 97, 98, 99, 104, 105, 106, 107, 109, 110, 111, 113, 114, 115, 116, 117, 119, 120, 121, 122, 123, 124, 125, 126, 127, 128, 129, 130, 132, 133, 134, 135, 136, 137, 138, 139, 140, 141, 142, 207, 212, 213, 214, 215, 217, 219, 220, 225, 226, 227, 228, 229, 236, 237, 238, 239, 240, 241, 242, 247, 249, 250, 251, 253, 254, 255, 256, 257, 258, 259, 260, 261, 262, 263, 264, 265, 266, 267, 269, 270, 271, 272, 273, 274, 275, 276, 277, 278, 279, 280, 281, 282, 283, 284, 285, 286, 356, 357, 358, 359, 361, 362, 363, 369, 370, 371, 372, 373, 374, 375, 380, 381, 382, 383, 384, 385, 386, 387, 388, 389, 390, 392, 393, 394, 395, 397, 398, 399, 400, 401, 402, 403, 404, 405, 406, 407, 408, 409, 411, 412, 413, 414, 415, 416, 417, 418, 419, 420, 421, 422, 423, 424, 425, 426, 427, 428, 429, 430, 431, 432, 433, 438, 441, 443, 444, 448, 449, 451, 453, 454, 458, 459, 461, 463, 464, 465, 466, 467, 471, 473, 475, 476, 477, 478, 479, 483, 484, 486, 488, 491, 493, 497, 498, 502, 503, 506, 509, 511, 512, 514, 517, 521, 525, 527, 530, 531, 533, 537, 539, 541, 543, 546, 548, 550, 551, 555, 557, 558, 559, 562, 563, 564, 567, 569, 570, 571, 572, 574, 575, 578, 581, 582, 584, 586, 589, 593, 596, 597, 599, 600, 602, 604, 605, 606, 613, 614, 615, 617, 624, 626, 628, 630, 631, 632, 633, 634, 636, 637, 641, 644, 646, 647, 648, 649, 650, 652, 653, 654, 657, 658, 659, 661, 662, 664, 665, 667, 669, 670, 671, 672, 674, 675, 677, 679, 681, 682, 683, 686, 688, 689, 693, 694, 695, 697, 698, 699, 702, 703, 705, 712, 713, 714, 717, 723, 724, 725, 731, 735, 737, 738, 739, 741, 744, 745, 747, 749, 752, 753, 754, 755, 758, 759, 760, 761, 763, 764, 765, 766, 770, 771, 772, 774, 775, 776, 777, 781, 785, 788, 791, 792, 794, 798, 801, 803, 804, 807, 808, 809, 810, 813, 818, 819, 822, 823, 824, 825, 831, 832, 833, 835, 838, 841, 843, 844, 845, 847, 849, 850, 851, 852, 856, 859, 862, 863, 864, 866, 872, 873, 875, 878, 880, 882, 883, 884, 885, 890, 891, 892, 895, 897, 898, 899, 900, 901, 902, 905, 907, 908, 910, 911, 912, 913, 914, 917, 918, 920, 921, 923, 924, 925, 927, 928, 930, 931,  }
groupKey (575, 428), recipents: {34, 35, 36, 178, 323, 542, 587, 620, 716, 727, 734, 748, 796, 867, 871, 874, 877, 889, 916,  }
groupKey (575, 428), recipents: {37, 180, 181, 182, 324, 325, 326, 327, 536, 549, 553, 595, 639, 678, 894,  }
groupKey (565, 168), recipents: {19, 20, 21, 22, 23, 163, 164, 165, 166, 167, 179, 308, 309, 310, 322, 457, 585, 645, 721, 726, 728, 729, 805, 829, 836,  }
groupKey (565, 168), recipents: {893,  }
groupKey (565, 168), recipents: {903,  }
groupKey (211, 111), recipents: {25, 26, 168, 169, 170, 313, 494, 663, 743, 784, 790, 806, 826, 839, 879,  }
groupKey (211, 111), recipents: {28, 315, 316, 317, 455, 480, 481, 508, 544, 554, 556, 779, 814, 834,  }
groupKey (887, 108), recipents: {124, 125, 126, 127, 267, 269, 270, 271, 412, 413, 414, 415, 416, 461, 478, 511, 530, 541, 604, 624, 672, 674, 753, 764, 822, 832, 843, 847, 849, 862,  }
groupKey (887, 108), recipents: {882,  }
groupKey (887, 108), recipents: {898,  }
groupKey (922, 218), recipents: {95, 104, 105, 106, 107, 109, 123, 247, 249, 250, 251, 253, 392, 393, 394, 395, 397, 398, 421, 443, 465, 491, 539, 632, 667, 679, 702, 749, 771, 775, 781, 785, 813, 825, 845, 851, 900,  }
groupKey (922, 218), recipents: {110, 111, 254, 255, 256, 399, 400, 401, 433, 459, 477, 488, 497, 503, 563, 593, 596, 599, 605, 657, 664, 682, 699, 703, 724, 921,  }
groupKey (314, 967), recipents: {138, 139, 140, 141, 142, 282, 283, 284, 285, 286, 427, 428, 429, 430, 431, 589, 658, 761, 777, 801, 841,  }
groupKey (314, 967), recipents: {885,  }
groupKey (202, 481), recipents: {84, 85, 86, 96, 228, 229, 240, 372, 373, 374, 384, 432, 448, 463, 464, 471, 772, 803, 804, 819, 844, 852, 856, 864,  }
groupKey (202, 481), recipents: {892,  }
groupKey (202, 481), recipents: {907,  }
groupKey (649, 453), recipents: {128, 129, 130, 132, 272, 273, 274, 275, 276, 417, 418, 419, 420, 458, 581, 630, 774, 794, 831, 835, 863,  }
groupKey (649, 453), recipents: {883,  }
groupKey (649, 453), recipents: {920,  }
groupKey (649, 453), recipents: {927,  }
groupKey (649, 453), recipents: {930,  }
groupKey (129, 318), recipents: {68, 69, 70, 212, 213, 214, 215, 356, 357, 358, 359, 444, 451, 493, 509, 633, 636, 646, 653, 659, 669, 670, 698, 807, 838, 850, 875, 897,  }
groupKey (129, 318), recipents: {207, 361, 498, 512, 574, 586, 597, 626, 644, 648, 686, 693, 694, 723, 725, 739, 745, 752, 754, 759, 765, 770, 776, 792, 884, 890, 923, 925, 928,  }
groupKey (129, 318), recipents: {438, 731, 872, 891, 905, 914,  }
groupKey (87, 465), recipents: {49, 51, 193, 195, 339, 340, 601, 627, 638, 680, 690, 696, 706, 711, 773, 800, 870, 929,  }
groupKey (87, 465), recipents: {55, 57, 58, 199, 200, 201, 202, 344, 345, 346, 347, 446, 474, 526, 538, 540, 545, 603, 660, 701, 707, 751, 767, 787, 799,  }
groupKey (257, 342), recipents: {29, 30, 32, 33, 173, 174, 175, 176, 177, 318, 319, 320, 769, 789, 865, 876, 881, 904, 906,  }
groupKey (257, 342), recipents: {34, 35, 36, 37, 178, 180, 181, 182, 323, 324, 325, 326, 327, 536, 542, 549, 553, 587, 595, 620, 639, 678, 716, 727, 734, 748, 796, 867, 871, 874, 877, 889, 894, 916,  }
groupKey (495, 47), recipents: {119, 120, 262, 263, 264, 407, 408, 409, 613, 760, 818, 824, 899, 901, 924,  }
groupKey (495, 47), recipents: {121, 122, 265, 266, 411, 525, 631, 654, 681, 895, 910,  }
groupKey (273, 939), recipents: {73, 217, 219, 220, 362, 363, 551, 557, 558, 683, 737, 766, 808, 902, 913,  }
groupKey (273, 939), recipents: {81, 82, 225, 226, 370, 371, 454, 475, 479, 521, 572, 578, 584, 606, 615, 628, 647, 695, 697, 712, 717, 738, 798, 810, 823, 859, 866, 878, 911,  }
groupKey (273, 939), recipents: {369, 531, 533, 555, 675, 688, 714, 747, 791, 833, 880, 918,  }
groupKey (458, 252), recipents: {49, 193, 627, 680, 706,  }
groupKey (458, 252), recipents: {51, 339, 340, 773,  }
groupKey (458, 252), recipents: {195, 601, 690, 870, 929,  }
groupKey (458, 252), recipents: {638, 696, 711, 800,  }
groupKey (122, 77), recipents: {42, 185, 329, 330, 782,  }
groupKey (122, 77), recipents: {183, 184, 730, 795, 888,  }
groupKey (122, 77), recipents: {186, 332, 668, 811, 816,  }
groupKey (620, 189), recipents: {29, 30, 32, 33, 173, 174, 175, 176, 177, 318, 319, 320, 769, 789, 865,  }
groupKey (620, 189), recipents: {876,  }
groupKey (620, 189), recipents: {881,  }
groupKey (620, 189), recipents: {904,  }
groupKey (620, 189), recipents: {906,  }
groupKey (971, 902), recipents: {19, 20, 21, 22, 23, 25, 26, 28, 163, 164, 165, 166, 167, 168, 169, 170, 179, 308, 309, 310, 313, 315, 316, 317, 322, 455, 457, 480, 481, 494, 508, 544, 554, 556, 585, 645, 663, 721, 726, 728, 729, 743, 779, 784, 790, 805, 806, 814, 826, 829, 834, 836, 839, 879, 893, 903,  }
groupKey (971, 902), recipents: {29, 30, 32, 33, 34, 35, 36, 37, 173, 174, 175, 176, 177, 178, 180, 181, 182, 318, 319, 320, 323, 324, 325, 326, 327, 536, 542, 549, 553, 587, 595, 620, 639, 678, 716, 727, 734, 748, 769, 789, 796, 865, 867, 871, 874, 876, 877, 881, 889, 894, 904, 906, 916,  }
groupKey (34, 438), recipents: {9, 10, 11, 13, 14, 15, 16, 17, 18, 153, 154, 155, 157, 158, 159, 160, 161, 162, 298, 299, 301, 302, 303, 304, 305, 306, 307, 462, 501, 518, 519, 520, 529, 561, 565, 566, 568, 577, 580, 583, 611, 612, 616, 621, 622, 635, 640, 643, 651, 655, 687, 709, 710, 722, 742, 746, 750, 756, 778, 780, 783, 786, 793, 802, 812, 815, 817, 821, 827, 830, 840, 842, 846, 854, 858, 861,  }
groupKey (34, 438), recipents: {868,  }
groupKey (34, 438), recipents: {869,  }
groupKey (34, 438), recipents: {886,  }
groupKey (34, 438), recipents: {887,  }
groupKey (34, 438), recipents: {909,  }
groupKey (34, 438), recipents: {922,  }
groupKey (34, 438), recipents: {932,  }
groupKey (573, 938), recipents: {124, 125, 126, 127, 128, 129, 130, 132, 133, 134, 135, 136, 137, 138, 139, 140, 141, 142, 267, 269, 270, 271, 272, 273, 274, 275, 276, 277, 278, 279, 280, 281, 282, 283, 284, 285, 286, 412, 413, 414, 415, 416, 417, 418, 419, 420, 422, 423, 424, 425, 426, 427, 428, 429, 430, 431, 458, 461, 478, 511, 530, 541, 581, 589, 604, 624, 630, 658, 672, 674, 753, 761, 764, 774, 777, 794, 801, 822, 831, 832, 835, 841, 843, 847, 849, 862, 863,  }
groupKey (573, 938), recipents: {882,  }
groupKey (573, 938), recipents: {883,  }
groupKey (573, 938), recipents: {885,  }
groupKey (573, 938), recipents: {898,  }
groupKey (573, 938), recipents: {920,  }
groupKey (573, 938), recipents: {927,  }
groupKey (573, 938), recipents: {930,  }
groupKey (434, 754), recipents: {83, 94, 227, 237, 238, 239, 382, 383, 466, 473, 486, 514, 546, 570, 602,  }
groupKey (434, 754), recipents: {97, 98, 99, 241, 242, 375, 385, 386, 387, 506, 517, 543, 548, 562, 569, 917,  }
groupKey (434, 754), recipents: {388, 389, 390, 453, 502, 537, 564, 575, 582, 634, 637, 649, 652, 665, 677, 758, 809, 908,  }
groupKey (613, 222), recipents: {236, 381, 441, 571,  }
groupKey (613, 222), recipents: {380, 476, 550, 873, 931,  }
groupKey (613, 222), recipents: {559, 600, 662, 741, 912,  }
groupKey (613, 222), recipents: {641, 650, 689, 713,  }
groupKey (855, 522), recipents: {84, 85, 86, 96, 228, 229, 240, 372, 373, 374, 384, 432, 448, 463, 464, 471, 772, 803, 804, 819, 844, 852, 856, 864, 892, 907,  }
groupKey (855, 522), recipents: {236, 380, 381, 441, 476, 550, 559, 571, 600, 641, 650, 662, 689, 713, 741, 873, 912, 931,  }
groupKey (391, 8), recipents: {133, 134, 135, 136, 137, 138, 139, 140, 141, 142, 277, 278, 279, 280, 281, 282, 283, 284, 285, 286, 422, 423, 424, 425, 426, 427, 428, 429, 430, 431, 589, 658, 761, 777, 801, 841,  }
groupKey (391, 8), recipents: {885,  }
groupKey (208, 16), recipents: {113, 114, 115, 116, 117, 257, 258, 259, 260, 261, 402, 403, 404, 405, 406, 449, 467, 483, 484, 527, 567, 614, 617, 661, 671, 705, 735, 744, 755, 763, 788,  }
groupKey (208, 16), recipents: {119, 120, 121, 122, 262, 263, 264, 265, 266, 407, 408, 409, 411, 525, 613, 631, 654, 681, 760, 818, 824, 895, 899, 901, 910, 924,  }
groupKey (455, 806), recipents: {42, 183, 184, 185, 186, 329, 330, 332, 668, 730, 782, 795, 811, 816, 888,  }
groupKey (455, 806), recipents: {45, 46, 48, 188, 189, 190, 191, 192, 333, 334, 335, 336, 337, 360, 435, 499, 524, 619, 691, 700, 715, 720, 732, 740, 915,  }
groupKey (520, 35), recipents: {42, 45, 46, 48, 183, 184, 185, 186, 188, 189, 190, 191, 192, 329, 330, 332, 333, 334, 335, 336, 337, 360, 435, 499, 524, 619, 668, 691, 700, 715, 720, 730, 732, 740, 782, 795, 811, 816, 888, 915,  }
groupKey (520, 35), recipents: {49, 51, 55, 57, 58, 193, 195, 199, 200, 201, 202, 339, 340, 344, 345, 346, 347, 446, 474, 526, 538, 540, 545, 601, 603, 627, 638, 660, 680, 690, 696, 701, 706, 707, 711, 751, 767, 773, 787, 799, 800, 870, 929,  }
groupKey (782, 1003), recipents: {0, 1, 2, 3, 4, 5, 6, 7, 8, 9, 10, 11, 12, 13, 14, 15, 16, 17, 18, 24, 144, 145, 146, 147, 148, 149, 150, 151, 152, 153, 154, 155, 156, 157, 158, 159, 160, 161, 162, 288, 289, 290, 291, 292, 293, 294, 295, 296, 297, 298, 299, 300, 301, 302, 303, 304, 305, 306, 307, 437, 452, 456, 462, 470, 496, 501, 504, 505, 515, 516, 518, 519, 520, 529, 547, 552, 561, 565, 566, 568, 577, 580, 583, 588, 592, 611, 612, 616, 621, 622, 623, 635, 640, 642, 643, 651, 655, 656, 673, 687, 692, 704, 709, 710, 722, 742, 746, 750, 756, 757, 778, 780, 783, 786, 793, 802, 812, 815, 817, 821, 827, 828, 830, 840, 842, 846, 848, 854, 858, 861,  }
groupKey (782, 1003), recipents: {868,  }
groupKey (782, 1003), recipents: {869,  }
groupKey (782, 1003), recipents: {886,  }
groupKey (782, 1003), recipents: {887,  }
groupKey (782, 1003), recipents: {896,  }
groupKey (782, 1003), recipents: {909,  }
groupKey (782, 1003), recipents: {922,  }
groupKey (782, 1003), recipents: {926,  }
groupKey (782, 1003), recipents: {932,  }
groupKey (810, 155), recipents: {68, 69, 70, 207, 212, 213, 214, 215, 356, 357, 358, 359, 361, 438, 444, 451, 493, 498, 509, 512, 574, 586, 597, 626, 633, 636, 644, 646, 648, 653, 659, 669, 670, 686, 693, 694, 698, 723, 725, 731, 739, 745, 752, 754, 759, 765, 770, 776, 792, 807, 838, 850, 872, 875, 884, 890, 891, 897, 905, 914, 923, 925, 928,  }
groupKey (810, 155), recipents: {73, 81, 82, 217, 219, 220, 225, 226, 362, 363, 369, 370, 371, 454, 475, 479, 521, 531, 533, 551, 555, 557, 558, 572, 578, 584, 606, 615, 628, 647, 675, 683, 688, 695, 697, 712, 714, 717, 737, 738, 747, 766, 791, 798, 808, 810, 823, 833, 859, 866, 878, 880, 902, 911, 913, 918,  }
groupKey (13, 724), recipents: {42, 45, 46, 48, 49, 51, 55, 57, 58, 183, 184, 185, 186, 188, 189, 190, 191, 192, 193, 195, 199, 200, 201, 202, 329, 330, 332, 333, 334, 335, 336, 337, 339, 340, 344, 345, 346, 347, 360, 435, 446, 474, 499, 524, 526, 538, 540, 545, 601, 603, 619, 627, 638, 660, 668, 680, 690, 691, 696, 700, 701, 706, 707, 711, 715, 720, 730, 732, 740, 751, 767, 773, 782, 787, 795, 799, 800, 811, 816, 870, 888, 915, 929,  }
groupKey (13, 724), recipents: {60, 61, 62, 72, 204, 205, 206, 348, 349, 350, 351, 434, 442, 447, 460, 500, 513, 590,  }
groupKey (472, 407), recipents: {83, 94, 97, 98, 99, 227, 237, 238, 239, 241, 242, 375, 382, 383, 385, 386, 387, 388, 389, 390, 453, 466, 473, 486, 502, 506, 514, 517, 537, 543, 546, 548, 562, 564, 569, 570, 575, 582, 602, 634, 637, 649, 652, 665, 677, 758, 809, 908, 917,  }
groupKey (472, 407), recipents: {84, 85, 86, 96, 228, 229, 236, 240, 372, 373, 374, 380, 381, 384, 432, 441, 448, 463, 464, 471, 476, 550, 559, 571, 600, 641, 650, 662, 689, 713, 741, 772, 803, 804, 819, 844, 852, 856, 864, 873, 892, 907, 912, 931,  }
groupKey (40, 872), recipents: {95, 104, 105, 106, 107, 109, 110, 111, 113, 114, 115, 116, 117, 119, 120, 121, 122, 123, 247, 249, 250, 251, 253, 254, 255, 256, 257, 258, 259, 260, 261, 262, 263, 264, 265, 266, 392, 393, 394, 395, 397, 398, 399, 400, 401, 402, 403, 404, 405, 406, 407, 408, 409, 411, 421, 433, 443, 449, 459, 465, 467, 477, 483, 484, 488, 491, 497, 503, 525, 527, 539, 563, 567, 593, 596, 599, 605, 613, 614, 617, 631, 632, 654, 657, 661, 664, 667, 671, 679, 681, 682, 699, 702, 703, 705, 724, 735, 744, 749, 755, 760, 763, 771, 775, 781, 785, 788, 813, 818, 824, 825, 845, 851, 895, 899, 900, 901, 910, 921, 924,  }
groupKey (40, 872), recipents: {124, 125, 126, 127, 128, 129, 130, 132, 133, 134, 135, 136, 137, 138, 139, 140, 141, 142, 267, 269, 270, 271, 272, 273, 274, 275, 276, 277, 278, 279, 280, 281, 282, 283, 284, 285, 286, 412, 413, 414, 415, 416, 417, 418, 419, 420, 422, 423, 424, 425, 426, 427, 428, 429, 430, 431, 458, 461, 478, 511, 530, 541, 581, 589, 604, 624, 630, 658, 672, 674, 753, 761, 764, 774, 777, 794, 801, 822, 831, 832, 835, 841, 843, 847, 849, 862, 863, 882, 883, 885, 898, 920, 927, 930,  }
groupKey (359, 935), recipents: {95, 104, 105, 106, 107, 109, 110, 111, 123, 247, 249, 250, 251, 253, 254, 255, 256, 392, 393, 394, 395, 397, 398, 399, 400, 401, 421, 433, 443, 459, 465, 477, 488, 491, 497, 503, 539, 563, 593, 596, 599, 605, 632, 657, 664, 667, 679, 682, 699, 702, 703, 724, 749, 771, 775, 781, 785, 813, 825, 845, 851, 900, 921,  }
groupKey (359, 935), recipents: {113, 114, 115, 116, 117, 119, 120, 121, 122, 257, 258, 259, 260, 261, 262, 263, 264, 265, 266, 402, 403, 404, 405, 406, 407, 408, 409, 411, 449, 467, 483, 484, 525, 527, 567, 613, 614, 617, 631, 654, 661, 671, 681, 705, 735, 744, 755, 760, 763, 788, 818, 824, 895, 899, 901, 910, 924,  }
groupKey (823, 812), recipents: {68, 69, 70, 73, 81, 82, 207, 212, 213, 214, 215, 217, 219, 220, 225, 226, 356, 357, 358, 359, 361, 362, 363, 369, 370, 371, 438, 444, 451, 454, 475, 479, 493, 498, 509, 512, 521, 531, 533, 551, 555, 557, 558, 572, 574, 578, 584, 586, 597, 606, 615, 626, 628, 633, 636, 644, 646, 647, 648, 653, 659, 669, 670, 675, 683, 686, 688, 693, 694, 695, 697, 698, 712, 714, 717, 723, 725, 731, 737, 738, 739, 745, 747, 752, 754, 759, 765, 766, 770, 776, 791, 792, 798, 807, 808, 810, 823, 833, 838, 850, 859, 866, 872, 875, 878, 880, 884, 890, 891, 897, 902, 905, 911, 913, 914, 918, 923, 925, 928,  }
groupKey (823, 812), recipents: {83, 84, 85, 86, 94, 96, 97, 98, 99, 227, 228, 229, 236, 237, 238, 239, 240, 241, 242, 372, 373, 374, 375, 380, 381, 382, 383, 384, 385, 386, 387, 388, 389, 390, 432, 441, 448, 453, 463, 464, 466, 471, 473, 476, 486, 502, 506, 514, 517, 537, 543, 546, 548, 550, 559, 562, 564, 569, 570, 571, 575, 582, 600, 602, 634, 637, 641, 649, 650, 652, 662, 665, 677, 689, 713, 741, 758, 772, 803, 804, 809, 819, 844, 852, 856, 864, 873, 892, 907, 908, 912, 917, 931,  }
groupKey (124, 913), recipents: {0, 1, 2, 3, 4, 5, 6, 7, 8, 9, 10, 11, 12, 13, 14, 15, 16, 17, 18, 19, 20, 21, 22, 23, 24, 25, 26, 28, 29, 30, 32, 33, 34, 35, 36, 37, 144, 145, 146, 147, 148, 149, 150, 151, 152, 153, 154, 155, 156, 157, 158, 159, 160, 161, 162, 163, 164, 165, 166, 167, 168, 169, 170, 173, 174, 175, 176, 177, 178, 179, 180, 181, 182, 288, 289, 290, 291, 292, 293, 294, 295, 296, 297, 298, 299, 300, 301, 302, 303, 304, 305, 306, 307, 308, 309, 310, 313, 315, 316, 317, 318, 319, 320, 322, 323, 324, 325, 326, 327, 437, 452, 455, 456, 457, 462, 470, 480, 481, 494, 496, 501, 504, 505, 508, 515, 516, 518, 519, 520, 529, 536, 542, 544, 547, 549, 552, 553, 554, 556, 561, 565, 566, 568, 577, 580, 583, 585, 587, 588, 592, 595, 611, 612, 616, 620, 621, 622, 623, 635, 639, 640, 642, 643, 645, 651, 655, 656, 663, 673, 678, 687, 692, 704, 709, 710, 716, 721, 722, 726, 727, 728, 729, 734, 742, 743, 746, 748, 750, 756, 757, 769, 778, 779, 780, 783, 784, 786, 789, 790, 793, 796, 802, 805, 806, 812, 814, 815, 817, 821, 826, 827, 828, 829, 830, 834, 836, 839, 840, 842, 846, 848, 854, 858, 861, 865, 867, 868, 869, 871, 874, 876, 877, 879, 881, 886, 887, 889, 893, 894, 896, 903, 904, 906, 909, 916, 922, 926, 932,  }
groupKey (124, 913), recipents: {42, 45, 46, 48, 49, 51, 55, 57, 58, 60, 61, 62, 72, 183, 184, 185, 186, 188, 189, 190, 191, 192, 193, 195, 199, 200, 201, 202, 204, 205, 206, 329, 330, 332, 333, 334, 335, 336, 337, 339, 340, 344, 345, 346, 347, 348, 349, 350, 351, 360, 434, 435, 442, 446, 447, 460, 474, 499, 500, 513, 524, 526, 538, 540, 545, 590, 601, 603, 619, 627, 638, 660, 668, 680, 690, 691, 696, 700, 701, 706, 707, 711, 715, 720, 730, 732, 740, 751, 767, 773, 782, 787, 795, 799, 800, 811, 816, 870, 888, 915, 929,  }
groupKey (312, 193), recipents: {68, 69, 70, 73, 81, 82, 83, 84, 85, 86, 94, 96, 97, 98, 99, 207, 212, 213, 214, 215, 217, 219, 220, 225, 226, 227, 228, 229, 236, 237, 238, 239, 240, 241, 242, 356, 357, 358, 359, 361, 362, 363, 369, 370, 371, 372, 373, 374, 375, 380, 381, 382, 383, 384, 385, 386, 387, 388, 389, 390, 432, 438, 441, 444, 448, 451, 453, 454, 463, 464, 466, 471, 473, 475, 476, 479, 486, 493, 498, 502, 506, 509, 512, 514, 517, 521, 531, 533, 537, 543, 546, 548, 550, 551, 555, 557, 558, 559, 562, 564, 569, 570, 571, 572, 574, 575, 578, 582, 584, 586, 597, 600, 602, 606, 615, 626, 628, 633, 634, 636, 637, 641, 644, 646, 647, 648, 649, 650, 652, 653, 659, 662, 665, 669, 670, 675, 677, 683, 686, 688, 689, 693, 694, 695, 697, 698, 712, 713, 714, 717, 723, 725, 731, 737, 738, 739, 741, 745, 747, 752, 754, 758, 759, 765, 766, 770, 772, 776, 791, 792, 798, 803, 804, 807, 808, 809, 810, 819, 823, 833, 838, 844, 850, 852, 856, 859, 864, 866, 872, 873, 875, 878, 880, 884, 890, 891, 892, 897, 902, 905, 907, 908, 911, 912, 913, 914, 917, 918, 923, 925, 928, 931,  }
groupKey (312, 193), recipents: {95, 104, 105, 106, 107, 109, 110, 111, 113, 114, 115, 116, 117, 119, 120, 121, 122, 123, 124, 125, 126, 127, 128, 129, 130, 132, 133, 134, 135, 136, 137, 138, 139, 140, 141, 142, 247, 249, 250, 251, 253, 254, 255, 256, 257, 258, 259, 260, 261, 262, 263, 264, 265, 266, 267, 269, 270, 271, 272, 273, 274, 275, 276, 277, 278, 279, 280, 281, 282, 283, 284, 285, 286, 392, 393, 394, 395, 397, 398, 399, 400, 401, 402, 403, 404, 405, 406, 407, 408, 409, 411, 412, 413, 414, 415, 416, 417, 418, 419, 420, 421, 422, 423, 424, 425, 426, 427, 428, 429, 430, 431, 433, 443, 449, 458, 459, 461, 465, 467, 477, 478, 483, 484, 488, 491, 497, 503, 511, 525, 527, 530, 539, 541, 563, 567, 581, 589, 593, 596, 599, 604, 605, 613, 614, 617, 624, 630, 631, 632, 654, 657, 658, 661, 664, 667, 671, 672, 674, 679, 681, 682, 699, 702, 703, 705, 724, 735, 744, 749, 753, 755, 760, 761, 763, 764, 771, 774, 775, 777, 781, 785, 788, 794, 801, 813, 818, 822, 824, 825, 831, 832, 835, 841, 843, 845, 847, 849, 851, 862, 863, 882, 883, 885, 895, 898, 899, 900, 901, 910, 920, 921, 924, 927, 930,  }
groupKey (686, 301), recipents: {19, 20, 21, 22, 23, 163, 164, 165, 166, 167, 179, 308, 309, 310, 322, 457, 585, 645, 721, 726, 728, 729, 805, 829, 836, 893, 903,  }
groupKey (686, 301), recipents: {25, 26, 28, 168, 169, 170, 313, 315, 316, 317, 455, 480, 481, 494, 508, 544, 554, 556, 663, 743, 779, 784, 790, 806, 814, 826, 834, 839, 879,  }
groupKey (789, 78), recipents: {0, 1, 2, 3, 4, 5, 6, 7, 8, 12, 24, 144, 145, 146, 147, 148, 149, 150, 151, 152, 156, 288, 289, 290, 291, 292, 293, 294, 295, 296, 297, 300, 437, 452, 456, 470, 496, 504, 505, 515, 516, 547, 552, 588, 592, 623, 642, 656, 673, 692, 704, 757, 828, 848,  }
groupKey (789, 78), recipents: {896,  }
groupKey (789, 78), recipents: {926,  }
groupKey (632, 769), recipents: {124, 125, 126, 127, 128, 129, 130, 132, 267, 269, 270, 271, 272, 273, 274, 275, 276, 412, 413, 414, 415, 416, 417, 418, 419, 420, 458, 461, 478, 511, 530, 541, 581, 604, 624, 630, 672, 674, 753, 764, 774, 794, 822, 831, 832, 835, 843, 847, 849, 862, 863,  }
groupKey (632, 769), recipents: {882,  }
groupKey (632, 769), recipents: {883,  }
groupKey (632, 769), recipents: {898,  }
groupKey (632, 769), recipents: {920,  }
groupKey (632, 769), recipents: {927,  }
groupKey (632, 769), recipents: {930,  }
groupKey (728, 7), recipents: {45, 188, 189, 333, 915,  }
groupKey (728, 7), recipents: {46, 190, 191, 334, 335,  }
groupKey (728, 7), recipents: {48, 192, 336, 337, 740,  }
groupKey (728, 7), recipents: {360, 524, 619, 720, 732,  }
groupKey (728, 7), recipents: {435, 499, 691, 700, 715,  }
groupKey (158, 405), recipents: {55, 199, 526, 603, 701,  }
groupKey (158, 405), recipents: {57, 58, 202, 345, 346,  }
groupKey (158, 405), recipents: {200, 201, 344, 540,  }
groupKey (158, 405), recipents: {347, 538, 545, 707, 799,  }
groupKey (158, 405), recipents: {446, 474, 660, 751, 767, 787,  }
groupKey (29, 328), recipents: {183,  }
groupKey (29, 328), recipents: {184,  }
groupKey (29, 328), recipents: {730,  }
groupKey (29, 328), recipents: {795,  }
groupKey (29, 328), recipents: {888,  }
groupKey (908, 442), recipents: {45,  }
groupKey (908, 442), recipents: {188,  }
groupKey (908, 442), recipents: {189,  }
groupKey (908, 442), recipents: {333,  }
groupKey (908, 442), recipents: {915,  }
groupKey (908, 910), recipents: {195,  }
groupKey (908, 910), recipents: {601,  }
groupKey (908, 910), recipents: {690,  }
groupKey (908, 910), recipents: {870,  }
groupKey (908, 910), recipents: {929,  }
groupKey (226, 179), recipents: {371, 521, 572, 578, 584, 615, 647, 695, 697, 712, 798, 859, 866,  }
groupKey (226, 179), recipents: {878,  }
groupKey (619, 958), recipents: {182,  }
groupKey (619, 958), recipents: {325,  }
groupKey (619, 958), recipents: {326,  }
groupKey (619, 958), recipents: {595,  }
groupKey (619, 958), recipents: {894,  }
groupKey (965, 746), recipents: {32, 33, 176, 320,  }
groupKey (965, 746), recipents: {876,  }
groupKey (638, 503), recipents: {174, 175, 319, 789,  }
groupKey (638, 503), recipents: {904,  }
groupKey (608, 321), recipents: {177, 769, 865,  }
groupKey (608, 321), recipents: {881,  }
groupKey (830, 219), recipents: {126, 127, 270, 271, 414, 415, 416, 461, 478, 530, 541, 604, 674, 753, 764, 849, 862,  }
groupKey (830, 219), recipents: {882,  }
groupKey (830, 219), recipents: {898,  }
groupKey (792, 600), recipents: {520, 568, 611, 616, 635, 643, 655, 709, 710, 783, 812, 842, 854,  }
groupKey (792, 600), recipents: {909,  }
groupKey (792, 600), recipents: {932,  }
groupKey (919, 471), recipents: {655, 710, 783, 854,  }
groupKey (919, 471), recipents: {932,  }
groupKey (368, 853), recipents: {0, 1, 12, 24, 144, 145, 156, 288, 289, 300, 437, 452, 496, 588, 592, 623, 642, 656, 673, 692, 704, 757, 828, 848,  }
groupKey (368, 853), recipents: {896,  }
groupKey (672, 79), recipents: {6, 7, 8, 149, 150, 151, 152, 293, 294, 295, 296, 297, 504, 547, 552,  }
groupKey (672, 79), recipents: {926,  }
groupKey (785, 345), recipents: {6,  }
groupKey (785, 345), recipents: {149,  }
groupKey (785, 345), recipents: {293,  }
groupKey (785, 345), recipents: {504,  }
groupKey (839, 354), recipents: {297,  }
groupKey (839, 354), recipents: {547,  }
groupKey (839, 354), recipents: {552,  }
groupKey (839, 354), recipents: {926,  }
groupKey (849, 634), recipents: {431, 589, 658, 761, 777, 841,  }
groupKey (849, 634), recipents: {885,  }
groupKey (136, 787), recipents: {28,  }
groupKey (136, 787), recipents: {315,  }
groupKey (136, 787), recipents: {316,  }
groupKey (136, 787), recipents: {481,  }
groupKey (734, 763), recipents: {529, 621,  }
groupKey (734, 763), recipents: {869,  }
groupKey (734, 763), recipents: {887,  }
groupKey (288, 126), recipents: {478, 753, 849,  }
groupKey (288, 126), recipents: {882,  }
groupKey (288, 126), recipents: {898,  }
groupKey (895, 1006), recipents: {163,  }
groupKey (895, 1006), recipents: {457,  }
groupKey (895, 1006), recipents: {829,  }
groupKey (895, 1006), recipents: {903,  }
groupKey (65, 26), recipents: {22,  }
groupKey (65, 26), recipents: {23,  }
groupKey (65, 26), recipents: {167,  }
groupKey (65, 26), recipents: {310,  }
groupKey (65, 26), recipents: {893,  }
groupKey (561, 625), recipents: {110, 111, 254, 255, 256, 399, 400, 401, 433, 459, 477, 488, 497, 503, 563, 593, 596, 599, 605, 657, 664, 682, 699, 703, 724,  }
groupKey (561, 625), recipents: {921,  }
groupKey (361, 425), recipents: {388, 453, 575, 649, 665,  }
groupKey (361, 425), recipents: {389, 758, 809,  }
groupKey (361, 425), recipents: {390, 634, 637, 652, 908,  }
groupKey (361, 425), recipents: {502, 537, 564, 582, 677,  }
groupKey (121, 70), recipents: {97, 98, 99, 241, 242, 375, 385, 386, 387, 506, 517, 543, 548, 562, 569,  }
groupKey (121, 70), recipents: {917,  }
groupKey (900, 749), recipents: {98, 242, 387, 548,  }
groupKey (900, 749), recipents: {917,  }
groupKey (117, 677), recipents: {559, 600, 662, 741,  }
groupKey (117, 677), recipents: {912,  }
groupKey (479, 960), recipents: {380,  }
groupKey (479, 960), recipents: {476,  }
groupKey (479, 960), recipents: {550,  }
groupKey (479, 960), recipents: {873,  }
groupKey (479, 960), recipents: {931,  }
groupKey (856, 31), recipents: {236,  }
groupKey (856, 31), recipents: {381,  }
groupKey (856, 31), recipents: {441,  }
groupKey (856, 31), recipents: {571,  }
groupKey (828, 270), recipents: {73, 217, 362, 551, 683,  }
groupKey (828, 270), recipents: {219, 363, 558, 766, 902,  }
groupKey (828, 270), recipents: {220, 557, 737, 808, 913,  }
groupKey (88, 277), recipents: {219,  }
groupKey (88, 277), recipents: {363,  }
groupKey (88, 277), recipents: {558,  }
groupKey (88, 277), recipents: {766,  }
groupKey (88, 277), recipents: {902,  }
groupKey (974, 15), recipents: {369, 555, 791, 880, 918,  }
groupKey (974, 15), recipents: {531, 675, 714, 747,  }
groupKey (974, 15), recipents: {533, 688, 833,  }
groupKey (463, 420), recipents: {81, 82, 225, 226, 370, 371, 454, 475, 479, 521, 572, 578, 584, 606, 615, 628, 647, 695, 697, 712, 717, 738, 798, 810, 823, 859, 866,  }
groupKey (463, 420), recipents: {878,  }
groupKey (463, 420), recipents: {911,  }
groupKey (213, 546), recipents: {533,  }
groupKey (213, 546), recipents: {688,  }
groupKey (213, 546), recipents: {833,  }
groupKey (48, 793), recipents: {369,  }
groupKey (48, 793), recipents: {555,  }
groupKey (48, 793), recipents: {791,  }
groupKey (48, 793), recipents: {880,  }
groupKey (48, 793), recipents: {918,  }
groupKey (907, 459), recipents: {95, 104, 105, 106, 247, 249, 250, 251, 392, 393, 394, 395, 679, 771, 781, 813, 825, 845, 900,  }
groupKey (907, 459), recipents: {107, 109, 123, 253, 397, 398, 421, 443, 465, 491, 539, 632, 667, 702, 749, 775, 785, 851,  }
groupKey (1004, 901), recipents: {68, 69, 70, 212, 213, 214, 215, 356, 357, 358, 359, 444, 451, 493, 509, 633, 636, 646, 653, 659, 669, 670, 698, 807, 838, 850,  }
groupKey (1004, 901), recipents: {875,  }
groupKey (1004, 901), recipents: {897,  }
groupKey (355, 338), recipents: {207, 361, 498, 512, 574, 586, 597, 626, 644, 648, 686, 693, 694, 723, 725, 739, 745, 752, 754, 759, 765, 770, 776, 792,  }
groupKey (355, 338), recipents: {884,  }
groupKey (355, 338), recipents: {890,  }
groupKey (355, 338), recipents: {923,  }
groupKey (355, 338), recipents: {925,  }
groupKey (355, 338), recipents: {928,  }
groupKey (904, 826), recipents: {438, 872, 905,  }
groupKey (904, 826), recipents: {731, 891, 914,  }
groupKey (948, 756), recipents: {390, 634, 637, 652,  }
groupKey (948, 756), recipents: {908,  }
groupKey (899, 451), recipents: {389,  }
groupKey (899, 451), recipents: {758,  }
groupKey (899, 451), recipents: {809,  }
groupKey (409, 166), recipents: {586,  }
groupKey (409, 166), recipents: {644,  }
groupKey (409, 166), recipents: {765,  }
groupKey (467, 995), recipents: {272,  }
groupKey (467, 995), recipents: {273,  }
groupKey (467, 995), recipents: {275,  }
groupKey (467, 995), recipents: {927,  }
groupKey (993, 330), recipents: {635, 709, 812, 842,  }
groupKey (993, 330), recipents: {909,  }
groupKey (446, 53), recipents: {104,  }
groupKey (446, 53), recipents: {247,  }
groupKey (446, 53), recipents: {392,  }
groupKey (446, 53), recipents: {679,  }
groupKey (446, 53), recipents: {900,  }
groupKey (139, 439), recipents: {120,  }
groupKey (139, 439), recipents: {264,  }
groupKey (139, 439), recipents: {408,  }
groupKey (139, 439), recipents: {409,  }
groupKey (139, 439), recipents: {924,  }
groupKey (735, 534), recipents: {119,  }
groupKey (735, 534), recipents: {120,  }
groupKey (735, 534), recipents: {262,  }
groupKey (735, 534), recipents: {263,  }
groupKey (735, 534), recipents: {264,  }
groupKey (735, 534), recipents: {407,  }
groupKey (735, 534), recipents: {408,  }
groupKey (735, 534), recipents: {409,  }
groupKey (735, 534), recipents: {613,  }
groupKey (735, 534), recipents: {760,  }
groupKey (735, 534), recipents: {818,  }
groupKey (735, 534), recipents: {824,  }
groupKey (735, 534), recipents: {899,  }
groupKey (735, 534), recipents: {901,  }
groupKey (735, 534), recipents: {924,  }
groupKey (673, 43), recipents: {638,  }
groupKey (673, 43), recipents: {696,  }
groupKey (673, 43), recipents: {711,  }
groupKey (673, 43), recipents: {800,  }
groupKey (401, 137), recipents: {361, 512, 574, 586, 644, 686, 723, 739, 752, 759, 765, 776,  }
groupKey (401, 137), recipents: {884,  }
groupKey (401, 137), recipents: {923,  }
groupKey (401, 137), recipents: {928,  }
groupKey (869, 962), recipents: {121,  }
groupKey (869, 962), recipents: {122,  }
groupKey (869, 962), recipents: {265,  }
groupKey (869, 962), recipents: {266,  }
groupKey (869, 962), recipents: {411,  }
groupKey (869, 962), recipents: {525,  }
groupKey (869, 962), recipents: {631,  }
groupKey (869, 962), recipents: {654,  }
groupKey (869, 962), recipents: {681,  }
groupKey (869, 962), recipents: {895,  }
groupKey (869, 962), recipents: {910,  }
groupKey (423, 95), recipents: {15, 16, 17, 159, 160, 161, 303, 304, 305, 580, 612, 687, 756, 815, 821,  }
groupKey (423, 95), recipents: {922,  }
groupKey (187, 780), recipents: {501, 565, 622,  }
groupKey (187, 780), recipents: {886,  }
groupKey (203, 404), recipents: {129,  }
groupKey (203, 404), recipents: {130,  }
groupKey (203, 404), recipents: {272,  }
groupKey (203, 404), recipents: {273,  }
groupKey (203, 404), recipents: {274,  }
groupKey (203, 404), recipents: {275,  }
groupKey (203, 404), recipents: {417,  }
groupKey (203, 404), recipents: {418,  }
groupKey (203, 404), recipents: {419,  }
groupKey (203, 404), recipents: {630,  }
groupKey (203, 404), recipents: {774,  }
groupKey (203, 404), recipents: {831,  }
groupKey (203, 404), recipents: {863,  }
groupKey (203, 404), recipents: {927,  }
groupKey (916, 127), recipents: {34, 35, 178, 323,  }
groupKey (916, 127), recipents: {889,  }
groupKey (797, 280), recipents: {226, 475, 810, 823,  }
groupKey (797, 280), recipents: {911,  }
groupKey (276, 1023), recipents: {633, 646,  }
groupKey (276, 1023), recipents: {875,  }
groupKey (276, 1023), recipents: {897,  }
groupKey (803, 336), recipents: {645,  }
groupKey (803, 336), recipents: {721,  }
groupKey (803, 336), recipents: {805,  }
groupKey (281, 413), recipents: {9, 10, 11, 153, 154, 298, 462, 501, 519, 520, 529, 561, 565, 568, 583, 611, 616, 621, 622, 635, 643, 655, 709, 710, 750, 780, 783, 812, 817, 830, 842, 846, 854,  }
groupKey (281, 413), recipents: {869,  }
groupKey (281, 413), recipents: {886,  }
groupKey (281, 413), recipents: {887,  }
groupKey (281, 413), recipents: {909,  }
groupKey (281, 413), recipents: {932,  }
groupKey (327, 337), recipents: {438,  }
groupKey (327, 337), recipents: {872,  }
groupKey (327, 337), recipents: {905,  }
groupKey (652, 460), recipents: {432, 448, 463, 856,  }
groupKey (652, 460), recipents: {907,  }
groupKey (22, 770), recipents: {25, 168, 494, 663, 879,  }
groupKey (22, 770), recipents: {26, 169, 170, 790, 806,  }
groupKey (22, 770), recipents: {313, 743, 784, 826, 839,  }
groupKey (131, 68), recipents: {121,  }
groupKey (131, 68), recipents: {265,  }
groupKey (131, 68), recipents: {525,  }
groupKey (131, 68), recipents: {631,  }
groupKey (131, 68), recipents: {910,  }
groupKey (611, 633), recipents: {25,  }
groupKey (611, 633), recipents: {168,  }
groupKey (611, 633), recipents: {494,  }
groupKey (611, 633), recipents: {663,  }
groupKey (611, 633), recipents: {879,  }
groupKey (448, 30), recipents: {13, 14, 15, 16, 17, 18, 155, 157, 158, 159, 160, 161, 162, 299, 301, 302, 303, 304, 305, 306, 307, 518, 566, 577, 580, 612, 640, 651, 687, 722, 742, 746, 756, 778, 786, 793, 802, 815, 821, 827, 840, 858, 861,  }
groupKey (448, 30), recipents: {868,  }
groupKey (448, 30), recipents: {922,  }
groupKey (506, 636), recipents: {731,  }
groupKey (506, 636), recipents: {891,  }
groupKey (506, 636), recipents: {914,  }
groupKey (582, 256), recipents: {577, 640, 861,  }
groupKey (582, 256), recipents: {868,  }
groupKey (123, 699), recipents: {240, 464, 471, 772, 852,  }
groupKey (123, 699), recipents: {892,  }
groupKey (447, 800), recipents: {70, 215, 359, 493, 509, 633, 646, 653, 669, 698, 850,  }
groupKey (447, 800), recipents: {875,  }
groupKey (447, 800), recipents: {897,  }
groupKey (486, 265), recipents: {748, 796,  }
groupKey (486, 265), recipents: {867,  }
groupKey (486, 265), recipents: {871,  }
groupKey (486, 265), recipents: {916,  }
groupKey (253, 562), recipents: {15,  }
groupKey (253, 562), recipents: {159,  }
groupKey (253, 562), recipents: {303,  }
groupKey (253, 562), recipents: {821,  }
groupKey (941, 723), recipents: {122,  }
groupKey (941, 496), recipents: {200,  }
groupKey (941, 496), recipents: {201,  }
groupKey (941, 496), recipents: {344,  }
groupKey (941, 496), recipents: {540,  }
groupKey (201, 416), recipents: {542, 620, 716, 727,  }
groupKey (201, 416), recipents: {877,  }
groupKey (369, 96), recipents: {128,  }
groupKey (369, 96), recipents: {132,  }
groupKey (369, 96), recipents: {276,  }
groupKey (369, 96), recipents: {420,  }
groupKey (369, 96), recipents: {458,  }
groupKey (369, 96), recipents: {581,  }
groupKey (369, 96), recipents: {794,  }
groupKey (369, 96), recipents: {835,  }
groupKey (369, 96), recipents: {883,  }
groupKey (369, 96), recipents: {920,  }
groupKey (369, 96), recipents: {930,  }
groupKey (529, 283), recipents: {37, 180, 181, 324, 536,  }
groupKey (529, 283), recipents: {182, 325, 326, 595, 894,  }
groupKey (529, 283), recipents: {327, 549, 553, 639, 678,  }
groupKey (363, 880), recipents: {220, 557, 737, 808,  }
groupKey (363, 880), recipents: {913,  }
groupKey (476, 284), recipents: {256, 400, 401, 596,  }
groupKey (476, 284), recipents: {921,  }
groupKey (951, 388), recipents: {28, 315, 316, 481,  }
groupKey (951, 388), recipents: {317, 508, 544, 556, 779,  }
groupKey (951, 388), recipents: {455, 480, 554, 814, 834,  }
groupKey (821, 63), recipents: {458,  }
groupKey (821, 63), recipents: {581,  }
groupKey (821, 63), recipents: {794,  }
groupKey (821, 63), recipents: {883,  }
groupKey (821, 63), recipents: {930,  }
groupKey (658, 5), recipents: {34, 35, 36, 178, 323, 542, 587, 620, 716, 727, 734, 748, 796,  }
groupKey (658, 5), recipents: {867,  }
groupKey (658, 5), recipents: {871,  }
groupKey (658, 5), recipents: {874,  }
groupKey (658, 5), recipents: {877,  }
groupKey (658, 5), recipents: {889,  }
groupKey (658, 5), recipents: {916,  }
groupKey (957, 999), recipents: {19,  }
groupKey (957, 999), recipents: {20,  }
groupKey (957, 999), recipents: {21,  }
groupKey (957, 999), recipents: {22,  }
groupKey (957, 999), recipents: {23,  }
groupKey (957, 999), recipents: {164,  }
groupKey (957, 999), recipents: {165,  }
groupKey (957, 999), recipents: {166,  }
groupKey (957, 999), recipents: {167,  }
groupKey (957, 999), recipents: {308,  }
groupKey (957, 999), recipents: {309,  }
groupKey (957, 999), recipents: {310,  }
groupKey (957, 999), recipents: {728,  }
groupKey (957, 999), recipents: {836,  }
groupKey (957, 999), recipents: {893,  }
groupKey (815, 146), recipents: {132,  }
groupKey (815, 146), recipents: {276,  }
groupKey (815, 146), recipents: {420,  }
groupKey (815, 146), recipents: {835,  }
groupKey (815, 146), recipents: {920,  }
groupKey (655, 931), recipents: {686,  }
groupKey (655, 931), recipents: {723,  }
groupKey (655, 931), recipents: {739,  }
groupKey (655, 931), recipents: {776,  }
groupKey (963, 229), recipents: {13, 14, 157, 158, 301, 302, 577, 640, 651, 722, 786, 802, 861,  }
groupKey (963, 229), recipents: {868,  }
groupKey (917, 84), recipents: {361,  }
groupKey (917, 84), recipents: {574,  }
groupKey (917, 84), recipents: {759,  }
groupKey (917, 84), recipents: {928,  }
groupKey (878, 174), recipents: {95, 813, 825, 845,  }
groupKey (878, 174), recipents: {104, 247, 392, 679, 900,  }
groupKey (878, 174), recipents: {105, 106, 249, 250, 393,  }
groupKey (878, 174), recipents: {251, 394, 395, 771, 781,  }
groupKey (346, 176), recipents: {289, 300, 496, 704,  }
groupKey (346, 176), recipents: {896,  }
groupKey (817, 440), recipents: {119,  }
groupKey (817, 440), recipents: {262,  }
groupKey (817, 440), recipents: {263,  }
groupKey (817, 440), recipents: {407,  }
groupKey (817, 440), recipents: {899,  }
groupKey (870, 712), recipents: {207, 498, 597, 626, 648, 693, 694, 725, 745, 754, 770, 792,  }
groupKey (870, 712), recipents: {890,  }
groupKey (870, 712), recipents: {925,  }
groupKey (617, 57), recipents: {266,  }
groupKey (617, 57), recipents: {411,  }
groupKey (617, 57), recipents: {654,  }
groupKey (617, 57), recipents: {681,  }
groupKey (617, 57), recipents: {895,  }
groupKey (247, 523), recipents: {163,  }
groupKey (247, 523), recipents: {179,  }
groupKey (247, 523), recipents: {322,  }
groupKey (247, 523), recipents: {457,  }
groupKey (247, 523), recipents: {585,  }
groupKey (247, 523), recipents: {645,  }
groupKey (247, 523), recipents: {721,  }
groupKey (247, 523), recipents: {726,  }
groupKey (247, 523), recipents: {729,  }
groupKey (247, 523), recipents: {805,  }
groupKey (247, 523), recipents: {829,  }
groupKey (247, 523), recipents: {903,  }
groupKey (310, 861), recipents: {81, 82, 225, 226, 370, 454, 475, 479, 606, 628, 717, 738, 810, 823,  }
groupKey (310, 861), recipents: {911,  }
groupKey (627, 630), recipents: {572, 615, 647, 695,  }
groupKey (627, 630), recipents: {878,  }
groupKey (55, 1001), recipents: {16,  }
groupKey (55, 1001), recipents: {160,  }
groupKey (55, 1001), recipents: {304,  }
groupKey (55, 1001), recipents: {580,  }
groupKey (825, 713), recipents: {128,  }
groupKey (615, 637), recipents: {613,  }
groupKey (615, 637), recipents: {760,  }
groupKey (615, 637), recipents: {818,  }
groupKey (615, 637), recipents: {824,  }
groupKey (615, 637), recipents: {901,  }
groupKey (385, 52), recipents: {161,  }
groupKey (385, 52), recipents: {612,  }
groupKey (385, 52), recipents: {687,  }
groupKey (385, 52), recipents: {756,  }
groupKey (859, 515), recipents: {17,  }
groupKey (859, 515), recipents: {305,  }
groupKey (859, 515), recipents: {815,  }
groupKey (859, 515), recipents: {922,  }
groupKey (183, 525), recipents: {130,  }
groupKey (183, 525), recipents: {418,  }
groupKey (183, 525), recipents: {419,  }
groupKey (183, 525), recipents: {630,  }
groupKey (183, 525), recipents: {774,  }
groupKey (381, 998), recipents: {129,  }
groupKey (381, 998), recipents: {274,  }
groupKey (381, 998), recipents: {417,  }
groupKey (381, 998), recipents: {831,  }
groupKey (381, 998), recipents: {863,  }
groupKey (9, 629), recipents: {179,  }
groupKey (9, 629), recipents: {322,  }
groupKey (9, 629), recipents: {585,  }
groupKey (9, 629), recipents: {726,  }
groupKey (9, 629), recipents: {729,  }
groupKey (27, 177), recipents: {19,  }
groupKey (27, 177), recipents: {20,  }
groupKey (27, 177), recipents: {164,  }
groupKey (27, 177), recipents: {728,  }
groupKey (27, 177), recipents: {836,  }
groupKey (773, 604), recipents: {21,  }
groupKey (773, 604), recipents: {165,  }
groupKey (773, 604), recipents: {166,  }
groupKey (773, 604), recipents: {308,  }
groupKey (773, 604), recipents: {309,  }
